Residue,T,E,B,H,G,I,C
A1,0.04093,0.000000000,0.0009020,0.0001417,0.0000000,0.00000000,0.9580
R2,0.12198,0.000252546,0.0027394,0.0020642,0.0009870,0.00000000,0.8720
T3,0.25268,0.000252546,0.0027703,0.0020642,0.0025100,0.00000000,0.7397
K4,0.32316,0.000002577,0.0001082,0.0024610,0.0046618,0.00000000,0.6696
Q5,0.34865,0.001404465,0.0040201,0.0026595,0.0254582,0.00000000,0.6178
T6,0.30349,0.001468890,0.0050922,0.0007808,0.0251335,0.00000000,0.6640
A7,0.27790,0.003259906,0.0315811,0.0010952,0.0254170,0.00000000,0.6607
R8,0.31540,0.007300643,0.0118207,0.0022240,0.0255226,0.00000000,0.6377
K9,0.28215,0.007787696,0.0168433,0.0019637,0.0262493,0.00000000,0.6650
S10,0.34543,0.001123572,0.0138875,0.0017575,0.0262364,0.00000000,0.6116
T11,0.34039,0.001917289,0.0098673,0.0014947,0.0095864,0.00000000,0.6367
G12,0.34492,0.003958273,0.0052648,0.0004974,0.0085247,0.00000000,0.6368
G13,0.32395,0.006589391,0.0079037,0.0013194,0.0060663,0.00000000,0.6542
K14,0.26057,0.005981219,0.0142354,0.0583562,0.0013787,0.00000000,0.6595
A15,0.21445,0.004383478,0.0048654,0.0697543,0.0193894,0.00000000,0.6872
P16,0.26801,0.003795922,0.0080686,0.0709010,0.0235486,0.00001546,0.6257
R17,0.29604,0.012292294,0.0144183,0.0933493,0.0422010,0.00001546,0.5417
K18,0.32060,0.014639941,0.0052081,0.0944960,0.0352431,0.00001546,0.5298
Q19,0.32379,0.023327011,0.0324934,0.0846339,0.0323362,0.00001546,0.5034
L20,0.35892,0.021651961,0.0314832,0.0730039,0.0257004,0.00001546,0.4892
A21,0.39099,0.011910898,0.0139338,0.0567533,0.0233296,0.00000000,0.5031
T22,0.41315,0.013823032,0.0223658,0.0186833,0.0218916,0.00000000,0.5101
K23,0.37554,0.022435369,0.0083753,0.0099395,0.0267622,0.00000000,0.5569
A24,0.35402,0.019263081,0.0279708,0.0089705,0.0212834,0.00000000,0.5685
A25,0.40898,0.004329361,0.0068909,0.0085917,0.0224586,0.00000000,0.5487
R26,0.42865,0.000706098,0.0023760,0.0074785,0.0135705,0.00000000,0.5472
K27,0.38588,0.010663629,0.0118980,0.0029223,0.0105863,0.00000000,0.5780
S28,0.30440,0.013665835,0.0410413,0.0020487,0.0065456,0.00000000,0.6323
A29,0.26924,0.018922917,0.0244016,0.0061874,0.0073780,0.00000000,0.6739
P30,0.33665,0.022365790,0.0177014,0.0063291,0.0119392,0.00010823,0.6049
A31,0.42320,0.023901682,0.0285944,0.0063884,0.0191883,0.00010823,0.4986
T32,0.51976,0.012075826,0.0127974,0.0063729,0.0207371,0.00010823,0.4282
G33,0.46652,0.006140993,0.0055277,0.0007963,0.0163923,0.00010823,0.5045
G34,0.37396,0.009207624,0.0070790,0.0003170,0.0090015,0.00010823,0.6003
V35,0.24069,0.031081206,0.0591267,0.0002732,0.0008942,0.00000000,0.6679
K36,0.12570,0.028663980,0.0291433,0.0002010,0.0004046,0.00000000,0.8159
